[Φ

Na

Duch.
P.463

464
4155
466
467
468
469
479
471
472
473
474
475
476
477
478
479
,486
,481
482
483
484
485
486
487
488
489
490
491
492
493
494
495
496
497
498
499
500
501
502
503
504

CONCORDANCE.

T. II, p. ‘2⁶2
25
22)
33
37

011111,

Liv. IV.

P.505 T.11,1„ 192
595 151
507 153
593 171
599 175
519 179
511 132
512 135
513 139
511 192
515 196
515 193
517 292
513 295
519 299
529 211,
521 215
522 213
523 222
521 229
525 229
529 232
527 235
523 239
529 212
539 215
531 213
532 251
533 255
531 253
535 291
535 251
537 297
533 279
539 273
519 275
511 2-9
512 233
513 239
511 239
515 293
516 295

