CONCORDANCR
Duch. Duch.

14²>
143
c, z

P. 714 Τ. 111, μ. 443 Ρ. 755 T. 1v‚1›. 664
715 447 766 668
716 451 7557 612
717 434 7555 6ί6

7,·,6 6ῑ6

766 622

Liv. [X.
Ρ. 718 1111, p. 4ῖι7 Liv. X.

716 462
726 m P. 761 Τ lx ‚ p 1
721 469 762 n
722 472 763 7
7255 475 76- 12
724 481 76 16
7:25 488 766 ‘lo
726 492 7( 7 25
727 496 768 36
728 496 766 35
729 503 770 36
736 508 771 43
731 511 772 46
732 815 773 56
733 726 774 54
734 524 77ΐί 58
735 :522⁸ 776 61
736 5532 777 ⁴35
737 536 778 69
718 346 776 7⁸3
7 »ἱ 343 786 77
7 46 ἵὶὶἱ) 781 82
7 41 :3552 782 86
712 :55⁴3 783 tm
7 43 366 784 935
744ι 5304 785 100
745 ,767 786 ’164
746 676 787 169
’747 374 788 ’113
748 ,378 786 116
716 ἵὶ82 766 121
7.·36 386 761 123
7:31 rem» 762 124
752 mv. 793· 129
7ῗᾴ3 5617 791 132
7:54 661 795 138
v 15>

