CONCORDANCE. 223

Duell. Duch.
l& 589 T.11,1„ 116
Liv. v. 5590 456
591 153
P. 547 Τ. 11, p. 209 592 45ss
548 301 593 459
549 305 594 462
550 308 595 »165
551 311 596 468
552 315
553 318 Liv· VL
554 321
555 325 [ἃ 597 Τ.ΙΙΙ,[ι 1
556 328 598 3
557 331 599 7
558 336 600 1]
559 339 601 1Ῑὶ
560 313 602 19
561 346 603 28
562 319 604 33
563 353 605 36
564 356 606 40
565 359 607 14
566 363 608 47
567 368 609 50
568 372 610 51
569 375 611 57
570 379 612 61
571 382 613 61
572 385 614 68
573 388 615 72
574 393 616 76
575 397 617 78
576 401 618 82
577 405 619 86
578 410 620 92
579 413 621 95
580 417 622 98
581 420 623 103
582 424 624 107
583 427 625 110
584 431 626 114
585 434 627 117
586 437 628 121
587 439 629 124

588 443 630 127

